Symbol,Transport_Dump Truck1
MDrw_Poly, -2.00754,10.3307, -1.70111,10.6383
MDrw_Poly, -2.16421,10.4868, -1.78463,10.8681
MDrw_Poly, 1.16795,7.17193, -2.16421,10.4868
MDrw_Poly, 2.01697,6.94038, -1.70111,10.6383
MDrw_Poly, 1.21863,0.755864, 2.07399,4.73948
MDrw_Poly, 0.358089,0.809432, 1.35515,5.4543
MDrw_Poly, 1.35515,5.4543, 1.16795,7.17193
MDrw_Poly, 2.27905,4.535, 2.01697,6.94038
MDrw_Poly, 11.7974,-5.3002, 2.04404,4.40137
MDrw_Poly, 2.27905,4.535, 1.3298,5.47964
MDrw_Poly, 11.9017,-4.72938, 2.24161,4.87887
MDrw_Poly, 2.83489,-1.07409, 0.358089,0.809432
MDrw_Poly, 2.88673,-0.932392, 3.14881,-0.707176
MDrw_Poly, 2.30324,0.208088, 1.2699,0.993752
MDrw_Poly, 1.21863,0.755864, 0.469257,1.3261
MDrw_Poly, 2.83143,-0.47044, 2.18171,0.0237681
MDrw_Poly, 2.72603,-4.55255, 2.13966,-4.63607
MDrw_Arc 3.23962,-0.812945, 0.13906, 3.37868,-0.812945, 3.15618,-0.924193,
MDrw_Poly, 3.72596,-0.874216, 2.95297,-0.28612
MDrw_Poly, 5.48334,-2.48702, 6.86574,-0.394408
MDrw_Poly, 4.21556,-1.52279, 5.71662,0.748952
MDrw_Poly, 2.83143,-0.47044, 4.46151,1.99714
MDrw_Poly, 4.86299,-2.01527, 6.30299,0.165464
MDrw_Poly, 3.60443,-1.05854, 5.16251,1.30018
MDrw_Poly, 2.18171,0.0237681, 3.87227,2.58294
MDrw_Poly, -9.61189,-6.87729, -9.64069,-7.10308
MDrw_Poly, -9.72076,-6.83524, -9.61189,-6.87729
MDrw_Poly, -9.79161,-6.96599, -9.72076,-6.83524
MDrw_Poly, -9.90105,-6.92337, -9.79161,-6.96599
MDrw_Poly, -9.9022,-6.79319, -9.90105,-6.92337
MDrw_Poly, -10.0831,-6.75114, -9.9022,-6.79319
MDrw_Poly, -10.1896,-6.26961, -10.0831,-6.75114
MDrw_Poly, -9.66201,-5.22762, -10.041,-5.2547
MDrw_Poly, -9.59058,-5.14007, -9.66201,-5.22762
MDrw_Poly, -9.55545,-5.05252, -9.59058,-5.14007
MDrw_Poly, -9.44716,-4.96497, -9.55545,-5.05252
MDrw_Poly, -9.41145,-4.92119, -9.44716,-4.96497
MDrw_Poly, -9.19372,-5.00586, -9.41145,-4.92119
MDrw_Poly, -9.08485,-5.04849, -9.19372,-5.00586
MDrw_Poly, -9.0837,-5.13546, -9.08485,-5.04849
MDrw_Poly, -9.04684,-5.26564, -9.0837,-5.13546
MDrw_Poly, -8.79397,-5.17636, -9.04684,-5.26564
MDrw_Poly, -8.83141,-5.04618, -8.79397,-5.17636
MDrw_Poly, -8.65055,-5.04503, -8.83141,-5.04618
MDrw_Poly, -8.57913,-4.9137, -8.65055,-5.04503
MDrw_Poly, -7.3845,-4.90334, -8.57913,-4.9137
MDrw_Poly, -11.0905,-3.32855, -11.0703,-5.63025
MDrw_Poly, -9.43161,-1.09886, -10.3849,-7.60017
MDrw_Poly, -8.89881,-6.6083, -10.7109,-7.8179
MDrw_Poly, -8.97138,-8.08228, -10.5012,-8.34378
MDrw_Poly, -11.8445,-8.15658, -11.6054,-5.63486
MDrw_Poly, -11.8445,-8.15658, -10.5934,-8.34494
MDrw_Arc -10.5501,-8.05854, 0.289567, -10.2605,-8.05854, -10.7238,-8.29019,
MDrw_Poly, -11.8669,-5.63716, -10.2893,-5.62334
MDrw_Poly, -9.28242,-1.31486, -9.57561,-3.3153
MDrw_Poly, -7.52447,-1.2993, -9.28242,-1.31486
MDrw_Poly, -7.55269,-2.25546, -9.42239,-2.27159
MDrw_Poly, -7.56076,-1.29988, -7.54348,-3.29745
MDrw_Poly, -6.115,-1.06948, -9.62572,-1.10058
MDrw_Poly, -9.59404,-0.882856, -10.6043,-7.77412
MDrw_Poly, -6.10866,-1.76471, -6.11673,-0.852328
MDrw_Poly, -6.78489,-3.11716, -5.8437,-3.1091
MDrw_Poly, -6.79295,-2.16158, -6.78489,-3.11716
MDrw_Poly, -5.85234,-2.15351, -6.79295,-2.16158
MDrw_Poly, -5.8437,-3.1091, -5.85234,-2.15351
MDrw_Poly, -4.35993,-3.09642, -4.36799,-2.14084
MDrw_Poly, -5.30111,-3.10449, -4.35993,-3.09642
MDrw_Poly, -5.30917,-2.1489, -5.30111,-3.10449
MDrw_Poly, -4.36799,-2.14084, -5.30917,-2.1489
MDrw_Poly, -11.8865,-3.33546, -11.8445,-8.15658
MDrw_Poly, -3.30009,-3.53706, -9.39705,-4.53873
MDrw_Poly, -2.04037,-7.59326, -2.25004,-7.29086
MDrw_Poly, -2.24082,-6.76036, -1.64812,-6.87441
MDrw_Poly, -2.25004,-7.29086, -2.73503,-7.29546
MDrw_Poly, -2.25522,-6.74942, -2.8174,-6.75402
MDrw_Poly, -2.25522,-6.74942, -2.25004,-7.29086
MDrw_Poly, -2.51788,-6.75172, -2.51327,-7.29316
MDrw_Poly, -2.04556,-6.98558, -1.64754,-6.98154
MDrw_Poly, -2.04037,-7.59326, -2.04556,-6.98558
MDrw_Poly, -1.64236,-7.5898, -2.04037,-7.59326
MDrw_Poly, -0.637815,-6.4954, -0.312375,-6.49252
MDrw_Poly, -0.637239,-6.62558, -0.637815,-6.4954
MDrw_Poly, -0.311223,-6.6227, -0.637239,-6.62558
MDrw_Poly, -0.312375,-6.49252, -0.311223,-6.6227
MDrw_Arc -0.51928,-7.66696, 0.186118, -0.333161,-7.66696, -0.630951,-7.81586,
MDrw_Poly, 3.42932,-1.12881, 3.37691,-0.791848
MDrw_Poly, 0.904137,-6.46948, 0.788361,-6.77361
MDrw_Poly, 1.35399,-6.62903, 1.2434,-6.94122
MDrw_Arc 0.994445,-6.91533, 0.250216, 1.24466,-6.91533, 0.844315,-7.1155,
MDrw_Poly, 1.40065,-6.64574, 0.857481,-6.45278
MDrw_Poly, 3.42932,-1.12881, 2.88673,-0.932392
MDrw_Poly, 2.88673,-0.932392, 0.857481,-6.45278
MDrw_Poly, 3.42932,-1.12881, 1.40065,-6.64574
MDrw_Poly, 1.39604,-7.30295, 2.12123,-6.92164
MDrw_Poly, 1.39604,-7.30295, 2.08551,-7.45156
MDrw_Poly, 1.40295,-8.08458, 2.11892,-7.86282
MDrw_Poly, 1.40295,-8.08458, 0.751497,-8.09034
MDrw_Poly, 1.39604,-7.30295, 1.40295,-8.08458
MDrw_Poly, 0.744585,-7.30871, 1.39604,-7.30295
MDrw_Poly, -1.63429,-8.50218, -1.66309,-5.17694
MDrw_Poly, 0.754953,-8.48087, -1.63429,-8.50218
MDrw_Poly, 0.722697,-4.83767, 0.754953,-8.48087
MDrw_Poly, 7.6658,-3.86999, 6.97115,-3.34238
MDrw_Poly, 6.33639,-2.85911, 5.60487,-2.30327
MDrw_Poly, 4.98452,-1.83095, 4.3371,-1.33905
MDrw_Poly, 4.21556,-1.52279, 3.60443,-1.05854
MDrw_Poly, 5.48334,-2.48702, 4.86299,-2.01527
MDrw_Poly, 6.84961,-3.52612, 6.21486,-3.04286
MDrw_Poly, 6.84961,-3.52612, 8.10471,-1.62647
MDrw_Poly, 6.21486,-3.04286, 7.52871,-1.05393
MDrw_Arc -5.87769,-7.49639, 1.59251, -4.28518,-7.49639, -6.8332,-8.7704,
MDrw_Arc 5.23384,-7.39944, 1.59251, 6.82635,-7.39944, 4.27834,-8.67345,
MDrw_Poly, 11.0844,-7.34788, 3.31527,-1.43927
MDrw_Poly, -6.11673,-0.852328, -9.59404,-0.882856
MDrw_Poly, -3.97228,-1.83268, -3.96018,-3.26634
MDrw_Poly, -11.8865,-3.33546, -3.32428,-3.26058
MDrw_Poly, -7.33842,-1.86206, -7.32575,-3.29572
MDrw_Poly, -3.97228,-1.83268, -7.33842,-1.86206
MDrw_Poly, 8.9906,-5.75524, 8.46414,-7.48785
MDrw_Poly, 11.0279,-4.53412, 10.68,-6.43895
MDrw_Poly, 10.7244,-6.19646, 9.74228,-5.44938
MDrw_Poly, 9.09428,-4.9569, 8.30747,-4.35844
MDrw_Poly, 8.18593,-4.54218, 7.54427,-4.05431
MDrw_Poly, 9.62075,-5.6337, 8.97275,-5.14065
MDrw_Poly, 11.396,-6.98327, 10.68,-6.43895
MDrw_Poly, 9.62075,-5.6337, 10.6172,-4.12574
MDrw_Poly, 8.18593,-4.54218, 9.33793,-2.79921
MDrw_Poly, 8.97275,-5.14065, 10.0297,-3.5411
MDrw_Poly, 7.54427,-4.05431, 8.73428,-2.25258
MDrw_Poly, 11.5233,-6.80356, 11.1005,-7.35998
MDrw_Poly, 11.9017,-4.72938, 11.5233,-6.80356
MDrw_Poly, 2.72603,-4.55255, 3.91028,-4.54218
MDrw_Poly, -3.27301,-3.53015, -3.25689,-5.4033
MDrw_Poly, 1.49108,-4.72823, -3.49535,-5.43729
MDrw_Arc -5.87769,-7.49639, 3.17675, -2.70095,-7.49639, -7.78374,-10.0378,
MDrw_Arc 5.24279,-7.39944, 3.16412, 8.40691,-7.39944, 3.34432,-9.93074,
MDrw_Arc 5.24279,-7.39944, 3.16412, 8.40691,-7.39944, 3.34432,-9.93074,
MDrw_Arc -5.87769,-7.49639, 3.17675, -2.70095,-7.49639, -7.78374,-10.0378,
MDrw_Poly, 1.49108,-4.72823, -3.49535,-5.43729
MDrw_Poly, -3.27301,-3.53015, -3.25689,-5.4033
MDrw_Poly, 2.72603,-4.55255, 3.91028,-4.54218
MDrw_Poly, 11.9017,-4.72938, 11.5233,-6.80356
MDrw_Poly, 11.5233,-6.80356, 11.1005,-7.35998
MDrw_Poly, 7.54427,-4.05431, 8.73428,-2.25258
MDrw_Poly, 8.97275,-5.14065, 10.0297,-3.5411
MDrw_Poly, 8.18593,-4.54218, 9.33793,-2.79921
MDrw_Poly, 9.62075,-5.6337, 10.6172,-4.12574
MDrw_Poly, 11.396,-6.98327, 10.68,-6.43895
MDrw_Poly, 9.62075,-5.6337, 8.97275,-5.14065
MDrw_Poly, 8.18593,-4.54218, 7.54427,-4.05431
MDrw_Poly, 9.09428,-4.9569, 8.30747,-4.35844
MDrw_Poly, 10.7244,-6.19646, 9.74228,-5.44938
MDrw_Poly, 11.0279,-4.53412, 10.68,-6.43895
MDrw_Poly, 8.9906,-5.75524, 8.46414,-7.48785
MDrw_Poly, -3.97228,-1.83268, -7.33842,-1.86206
MDrw_Poly, -7.33842,-1.86206, -7.32575,-3.29572
MDrw_Poly, -11.8865,-3.33546, -3.32428,-3.26058
MDrw_Poly, -3.97228,-1.83268, -3.96018,-3.26634
MDrw_Poly, -6.11673,-0.852328, -9.59404,-0.882856
MDrw_Poly, 11.0844,-7.34788, 3.31527,-1.43927
MDrw_Arc 5.23384,-7.39944, 1.59251, 6.82635,-7.39944, 4.27834,-8.67345,
MDrw_Arc -5.87769,-7.49639, 1.59251, -4.28518,-7.49639, -6.8332,-8.7704,
MDrw_Poly, 6.21486,-3.04286, 7.52871,-1.05393
MDrw_Poly, 6.84961,-3.52612, 8.10471,-1.62647
MDrw_Poly, 6.84961,-3.52612, 6.21486,-3.04286
MDrw_Poly, 5.48334,-2.48702, 4.86299,-2.01527
MDrw_Poly, 4.21556,-1.52279, 3.60443,-1.05854
MDrw_Poly, 4.98452,-1.83095, 4.3371,-1.33905
MDrw_Poly, 6.33639,-2.85911, 5.60487,-2.30327
MDrw_Poly, 7.6658,-3.86999, 6.97115,-3.34238
MDrw_Poly, 0.722697,-4.83767, 0.754953,-8.48087
MDrw_Poly, 0.754953,-8.48087, -1.63429,-8.50218
MDrw_Poly, -1.63429,-8.50218, -1.66309,-5.17694
MDrw_Poly, 0.744585,-7.30871, 1.39604,-7.30295
MDrw_Poly, 1.39604,-7.30295, 1.40295,-8.08458
MDrw_Poly, 1.40295,-8.08458, 0.751497,-8.09034
MDrw_Poly, 1.40295,-8.08458, 2.11892,-7.86282
MDrw_Poly, 1.39604,-7.30295, 2.08551,-7.45156
MDrw_Poly, 1.39604,-7.30295, 2.12123,-6.92164
MDrw_Poly, 3.42932,-1.12881, 1.40065,-6.64574
MDrw_Poly, 2.88673,-0.932392, 0.857481,-6.45278
MDrw_Poly, 3.42932,-1.12881, 2.88673,-0.932392
MDrw_Poly, 1.40065,-6.64574, 0.857481,-6.45278
MDrw_Arc 0.994445,-6.91533, 0.250216, 1.24466,-6.91533, 0.844315,-7.1155,
MDrw_Poly, 1.35399,-6.62903, 1.2434,-6.94122
MDrw_Poly, 0.904137,-6.46948, 0.788361,-6.77361
MDrw_Poly, 3.42932,-1.12881, 3.37691,-0.791848
MDrw_Arc -0.51928,-7.66696, 0.186118, -0.333161,-7.66696, -0.630951,-7.81586,
MDrw_Poly, -0.312375,-6.49252, -0.311223,-6.6227
MDrw_Poly, -0.311223,-6.6227, -0.637239,-6.62558
MDrw_Poly, -0.637239,-6.62558, -0.637815,-6.4954
MDrw_Poly, -0.637815,-6.4954, -0.312375,-6.49252
MDrw_Poly, -1.64236,-7.5898, -2.04037,-7.59326
MDrw_Poly, -2.04037,-7.59326, -2.04556,-6.98558
MDrw_Poly, -2.04556,-6.98558, -1.64754,-6.98154
MDrw_Poly, -2.51788,-6.75172, -2.51327,-7.29316
MDrw_Poly, -2.25522,-6.74942, -2.25004,-7.29086
MDrw_Poly, -2.25522,-6.74942, -2.8174,-6.75402
MDrw_Poly, -2.25004,-7.29086, -2.73503,-7.29546
MDrw_Poly, -2.24082,-6.76036, -1.64812,-6.87441
MDrw_Poly, -2.04037,-7.59326, -2.25004,-7.29086
MDrw_Poly, -3.30009,-3.53706, -9.39705,-4.53873
MDrw_Poly, -11.8865,-3.33546, -11.8445,-8.15658
MDrw_Poly, -4.36799,-2.14084, -5.30917,-2.1489
MDrw_Poly, -5.30917,-2.1489, -5.30111,-3.10449
MDrw_Poly, -5.30111,-3.10449, -4.35993,-3.09642
MDrw_Poly, -4.35993,-3.09642, -4.36799,-2.14084
MDrw_Poly, -5.8437,-3.1091, -5.85234,-2.15351
MDrw_Poly, -5.85234,-2.15351, -6.79295,-2.16158
MDrw_Poly, -6.79295,-2.16158, -6.78489,-3.11716
MDrw_Poly, -6.78489,-3.11716, -5.8437,-3.1091
MDrw_Poly, -6.10866,-1.76471, -6.11673,-0.852328
MDrw_Poly, -9.59404,-0.882856, -10.6043,-7.77412
MDrw_Poly, -6.115,-1.06948, -9.62572,-1.10058
MDrw_Poly, -7.56076,-1.29988, -7.54348,-3.29745
MDrw_Poly, -7.55269,-2.25546, -9.42239,-2.27159
MDrw_Poly, -7.52447,-1.2993, -9.28242,-1.31486
MDrw_Poly, -9.28242,-1.31486, -9.57561,-3.3153
MDrw_Poly, -11.8669,-5.63716, -10.2893,-5.62334
MDrw_Arc -10.5501,-8.05854, 0.289567, -10.2605,-8.05854, -10.7238,-8.29019,
MDrw_Poly, -11.8445,-8.15658, -10.5934,-8.34494
MDrw_Poly, -11.8445,-8.15658, -11.6054,-5.63486
MDrw_Poly, -8.97138,-8.08228, -10.5012,-8.34378
MDrw_Poly, -8.89881,-6.6083, -10.7109,-7.8179
MDrw_Poly, -9.43161,-1.09886, -10.3849,-7.60017
MDrw_Poly, -11.0905,-3.32855, -11.0703,-5.63025
MDrw_Poly, -7.3845,-4.90334, -8.57913,-4.9137
MDrw_Poly, -8.57913,-4.9137, -8.65055,-5.04503
MDrw_Poly, -8.65055,-5.04503, -8.83141,-5.04618
MDrw_Poly, -8.83141,-5.04618, -8.79397,-5.17636
MDrw_Poly, -8.79397,-5.17636, -9.04684,-5.26564
MDrw_Poly, -9.04684,-5.26564, -9.0837,-5.13546
MDrw_Poly, -9.0837,-5.13546, -9.08485,-5.04849
MDrw_Poly, -9.08485,-5.04849, -9.19372,-5.00586
MDrw_Poly, -9.19372,-5.00586, -9.41145,-4.92119
MDrw_Poly, -9.41145,-4.92119, -9.44716,-4.96497
MDrw_Poly, -9.44716,-4.96497, -9.55545,-5.05252
MDrw_Poly, -9.55545,-5.05252, -9.59058,-5.14007
MDrw_Poly, -9.59058,-5.14007, -9.66201,-5.22762
MDrw_Poly, -9.66201,-5.22762, -10.041,-5.2547
MDrw_Poly, -10.1896,-6.26961, -10.0831,-6.75114
MDrw_Poly, -10.0831,-6.75114, -9.9022,-6.79319
MDrw_Poly, -9.9022,-6.79319, -9.90105,-6.92337
MDrw_Poly, -9.90105,-6.92337, -9.79161,-6.96599
MDrw_Poly, -9.79161,-6.96599, -9.72076,-6.83524
MDrw_Poly, -9.72076,-6.83524, -9.61189,-6.87729
MDrw_Poly, -9.61189,-6.87729, -9.64069,-7.10308
MDrw_Poly, 2.18171,0.0237681, 3.87227,2.58294
MDrw_Poly, 3.60443,-1.05854, 5.16251,1.30018
MDrw_Poly, 4.86299,-2.01527, 6.30299,0.165464
MDrw_Poly, 2.83143,-0.47044, 4.46151,1.99714
MDrw_Poly, 4.21556,-1.52279, 5.71662,0.748952
MDrw_Poly, 5.48334,-2.48702, 6.86574,-0.394408
MDrw_Poly, 3.72596,-0.874216, 2.95297,-0.28612
MDrw_Arc 3.23962,-0.812945, 0.13906, 3.37868,-0.812945, 3.15618,-0.924193,
MDrw_Poly, 2.72603,-4.55255, 2.13966,-4.63607
MDrw_Poly, 2.83143,-0.47044, 2.18171,0.0237681
MDrw_Poly, 1.21863,0.755864, 0.469257,1.3261
MDrw_Poly, 2.30324,0.208088, 1.2699,0.993752
MDrw_Poly, 2.88673,-0.932392, 3.14881,-0.707176
MDrw_Poly, 2.83489,-1.07409, 0.358089,0.809432
MDrw_Poly, 11.9017,-4.72938, 2.24161,4.87887
MDrw_Poly, 2.27905,4.535, 1.3298,5.47964
MDrw_Poly, 11.7974,-5.3002, 2.04404,4.40137
MDrw_Poly, 2.27905,4.535, 2.01697,6.94038
MDrw_Poly, 1.35515,5.4543, 1.16795,7.17193
MDrw_Poly, 0.358089,0.809432, 1.35515,5.4543
MDrw_Poly, 1.21863,0.755864, 2.07399,4.73948
MDrw_Poly, 2.01697,6.94038, -1.70111,10.6383
MDrw_Poly, 1.16795,7.17193, -2.16421,10.4868
MDrw_Poly, -2.16421,10.4868, -1.78463,10.8681
MDrw_Poly, -2.00754,10.3307, -1.70111,10.6383
MDrw_Arc -1.88063,10.7032, 0.190925, -1.70101,10.6385, -1.78487,10.8684,
MDrw_Arc -3.32291,-3.39989, 0.1392, -3.30035,-3.53725, -3.32412,-3.2607,
MDrw_Arc -9.27273,-5.29402, 0.7656, -9.39681,-4.53854, -10.0302,-5.18295,
MDrw_Arc -9.27273,-5.29402, 0.7656, -9.39681,-4.53854, -10.0302,-5.18295,
MDrw_Arc -3.32291,-3.39989, 0.1392, -3.30035,-3.53725, -3.32412,-3.2607,
MDrw_Arc -1.88063,10.7032, 0.190925, -1.70101,10.6385, -1.78487,10.8684,
MDrw_End
TextArea,-11.8865,11.3942,23.7882,3
XMin,-11.8865
XMax,11.9017
YMin,-10.6731
YMax,10.8942
Width,23.7882
Height,21.5673
InsertX,0
InsertY,0

