Symbol,Dump Truck II
Group,Feed
MDrw_Poly, -2.78635,21.6191, -2.30755,22.0997
MDrw_Poly, -3.03115,21.863, -2.43805,22.4588
MDrw_Poly, 2.17535,16.6835, -3.03115,21.863
MDrw_Poly, 3.50195,16.3217, -2.30755,22.0997
MDrw_Poly, 2.25455,6.65844, 3.59105,12.8828
MDrw_Poly, 0.909953,6.74214, 2.46785,13.9997
MDrw_Poly, 2.46785,13.9997, 2.17535,16.6835
MDrw_Poly, 3.91145,12.5633, 3.50195,16.3217
MDrw_Poly, 18.784,-2.80416, 3.54425,12.3545
MDrw_Poly, 3.91145,12.5633, 2.42825,14.0393
MDrw_Poly, 18.9469,-1.91226, 3.85295,13.1006
MDrw_Poly, 4.77995,3.79914, 0.909953,6.74214
MDrw_Poly, 4.86095,4.02054, 5.27045,4.37244
MDrw_Poly, 3.94925,5.80254, 2.33465,7.03014
MDrw_Poly, 2.25455,6.65844, 1.08365,7.54944
MDrw_Poly, 4.77455,4.74234, 3.75935,5.51454
MDrw_Poly, 4.60985,-1.63596, 3.69365,-1.76646
MDrw_Arc 5.41234,4.20717, 0.217281, 6.28319, 5.62962,4.20717
MDrw_Poly, 6.17225,4.11144, 4.96445,5.03034
MDrw_Poly, 8.91815,1.59144, 11.0782,4.86114
MDrw_Poly, 6.93725,3.09804, 9.28265,6.64764
MDrw_Poly, 4.77455,4.74234, 7.32155,8.59794
MDrw_Poly, 7.94885,2.32854, 10.1989,5.73594
MDrw_Poly, 5.98235,3.82344, 8.41685,7.50894
MDrw_Poly, 3.75935,5.51454, 6.40085,9.51324
MDrw_Poly, -14.6681,-5.26836, -14.7131,-5.62116
MDrw_Poly, -14.8382,-5.20266, -14.6681,-5.26836
MDrw_Poly, -14.9489,-5.40696, -14.8382,-5.20266
MDrw_Poly, -15.1199,-5.34036, -14.9489,-5.40696
MDrw_Poly, -15.1217,-5.13696, -15.1199,-5.34036
MDrw_Poly, -15.4043,-5.07126, -15.1217,-5.13696
MDrw_Poly, -15.5708,-4.31886, -15.4043,-5.07126
MDrw_Poly, -14.7464,-2.69076, -15.3386,-2.73306
MDrw_Poly, -14.6348,-2.55396, -14.7464,-2.69076
MDrw_Poly, -14.5799,-2.41716, -14.6348,-2.55396
MDrw_Poly, -14.4107,-2.28036, -14.5799,-2.41716
MDrw_Poly, -14.3549,-2.21196, -14.4107,-2.28036
MDrw_Poly, -14.0147,-2.34426, -14.3549,-2.21196
MDrw_Poly, -13.8446,-2.41086, -14.0147,-2.34426
MDrw_Poly, -13.8428,-2.54676, -13.8446,-2.41086
MDrw_Poly, -13.7852,-2.75016, -13.8428,-2.54676
MDrw_Poly, -13.3901,-2.61066, -13.7852,-2.75016
MDrw_Poly, -13.4486,-2.40726, -13.3901,-2.61066
MDrw_Poly, -13.166,-2.40546, -13.4486,-2.40726
MDrw_Poly, -13.0544,-2.20026, -13.166,-2.40546
MDrw_Poly, -11.1878,-2.18406, -13.0544,-2.20026
MDrw_Poly, -16.9784,0.276539, -16.9469,-3.31986
MDrw_Poly, -14.3864,3.76044, -15.8759,-6.39786
MDrw_Poly, -13.5539,-4.84806, -16.3853,-6.73806
MDrw_Poly, -13.6673,-7.15116, -16.0577,-7.55976
MDrw_Poly, -18.1565,-7.26726, -17.783,-3.32706
MDrw_Poly, -18.1565,-7.26726, -16.2017,-7.56156
MDrw_Arc -16.1341,-7.11406, 0.452448, 6.28319, -15.6816,-7.11406
MDrw_Poly, -18.1916,-3.33066, -15.7265,-3.30906
MDrw_Poly, -14.1533,3.42294, -14.6114,0.297239
MDrw_Poly, -11.4065,3.44724, -14.1533,3.42294
MDrw_Poly, -11.4506,1.95324, -14.372,1.92804
MDrw_Poly, -11.4632,3.44634, -11.4362,0.325139
MDrw_Poly, -9.20425,3.80634, -14.6897,3.75774
MDrw_Poly, -14.6402,4.09794, -16.2188,-6.66966
MDrw_Poly, -9.19435,2.72004, -9.20695,4.14564
MDrw_Poly, -10.2509,0.606839, -8.78035,0.619439
MDrw_Poly, -10.2635,2.09994, -10.2509,0.606839
MDrw_Poly, -8.79385,2.11254, -10.2635,2.09994
MDrw_Poly, -8.78035,0.619439, -8.79385,2.11254
MDrw_Poly, -6.46195,0.639239, -6.47455,2.13234
MDrw_Poly, -7.93255,0.626639, -6.46195,0.639239
MDrw_Poly, -7.94515,2.11974, -7.93255,0.626639
MDrw_Poly, -6.47455,2.13234, -7.94515,2.11974
MDrw_Poly, -18.2222,0.265739, -18.1565,-7.26726
MDrw_Poly, -4.80595,-0.049261, -14.3324,-1.61436
MDrw_Poly, -2.83765,-6.38706, -3.16525,-5.91456
MDrw_Poly, -3.15085,-5.08566, -2.22475,-5.26386
MDrw_Poly, -3.16525,-5.91456, -3.92305,-5.92176
MDrw_Poly, -3.17335,-5.06856, -4.05175,-5.07576
MDrw_Poly, -3.17335,-5.06856, -3.16525,-5.91456
MDrw_Poly, -3.58375,-5.07216, -3.57655,-5.91816
MDrw_Poly, -2.84575,-5.43756, -2.22385,-5.43126
MDrw_Poly, -2.83765,-6.38706, -2.84575,-5.43756
MDrw_Poly, -2.21575,-6.38166, -2.83765,-6.38706
MDrw_Poly, -0.646147,-4.67166, -0.137647,-4.66716
MDrw_Poly, -0.645247,-4.87506, -0.646147,-4.67166
MDrw_Poly, -0.135847,-4.87056, -0.645247,-4.87506
MDrw_Poly, -0.137647,-4.66716, -0.135847,-4.87056
MDrw_Arc -0.460936,-6.50223, 0.29081, 6.28319, -0.170126,-6.50223
MDrw_Poly, 5.70875,3.71364, 5.62685,4.24014
MDrw_Poly, 1.76315,-4.63116, 1.58225,-5.10636
MDrw_Poly, 2.46605,-4.88046, 2.29325,-5.36826
MDrw_Arc 1.90426,-5.3278, 0.390962, 6.28319, 2.29522,-5.3278
MDrw_Poly, 2.53895,-4.90656, 1.69025,-4.60506
MDrw_Poly, 5.70875,3.71364, 4.86095,4.02054
MDrw_Poly, 4.86095,4.02054, 1.69025,-4.60506
MDrw_Poly, 5.70875,3.71364, 2.53895,-4.90656
MDrw_Poly, 2.53175,-5.93346, 3.66485,-5.33766
MDrw_Poly, 2.53175,-5.93346, 3.60905,-6.16566
MDrw_Poly, 2.54255,-7.15476, 3.66125,-6.80826
MDrw_Poly, 2.54255,-7.15476, 1.52465,-7.16376
MDrw_Poly, 2.53175,-5.93346, 2.54255,-7.15476
MDrw_Poly, 1.51385,-5.94246, 2.53175,-5.93346
MDrw_Poly, -2.20315,-7.80726, -2.24815,-2.61156
MDrw_Poly, 1.53005,-7.77396, -2.20315,-7.80726
MDrw_Poly, 1.47965,-2.08146, 1.53005,-7.77396
MDrw_Poly, 12.3283,-0.569461, 11.2429,0.254939
MDrw_Poly, 10.2511,1.01004, 9.10805,1.87854
MDrw_Poly, 8.13875,2.61654, 7.12715,3.38514
MDrw_Poly, 6.93725,3.09804, 5.98235,3.82344
MDrw_Poly, 8.91815,1.59144, 7.94885,2.32854
MDrw_Poly, 11.053,-0.032161, 10.0612,0.722939
MDrw_Poly, 11.053,-0.032161, 13.0141,2.93604
MDrw_Poly, 10.0612,0.722939, 12.1141,3.83064
MDrw_Arc -8.83346,-6.23571, 2.4883, 6.28319, -6.34516,-6.23571
MDrw_Arc 8.52832,-6.08423, 2.4883, 6.28319, 11.0166,-6.08423
MDrw_Poly, 17.6698,-6.00366, 5.53055,3.22854
MDrw_Poly, -9.20695,4.14564, -14.6402,4.09794
MDrw_Poly, -5.85625,2.61384, -5.83735,0.373739
MDrw_Poly, -18.2222,0.265739, -4.84375,0.382739
MDrw_Poly, -11.1158,2.56794, -11.096,0.327839
MDrw_Poly, -5.85625,2.61384, -11.1158,2.56794
MDrw_Poly, 14.3983,-3.51516, 13.5757,-6.22236
MDrw_Poly, 17.5816,-1.60716, 17.038,-4.58346
MDrw_Poly, 17.1073,-4.20456, 15.5728,-3.03726
MDrw_Poly, 14.5603,-2.26776, 13.3309,-1.33266
MDrw_Poly, 13.141,-1.61976, 12.1384,-0.857461
MDrw_Poly, 15.3829,-3.32526, 14.3704,-2.55486
MDrw_Poly, 18.1567,-5.43396, 17.038,-4.58346
MDrw_Poly, 15.3829,-3.32526, 16.9399,-0.969061
MDrw_Poly, 13.141,-1.61976, 14.941,1.10364
MDrw_Poly, 14.3704,-2.55486, 16.0219,-0.055561
MDrw_Poly, 12.1384,-0.857461, 13.9978,1.95774
MDrw_Poly, 18.3556,-5.15316, 17.695,-6.02256
MDrw_Poly, 18.9469,-1.91226, 18.3556,-5.15316
MDrw_Poly, 4.60985,-1.63596, 6.46025,-1.61976
MDrw_Poly, -4.76365,-0.038461, -4.73845,-2.96526
MDrw_Poly, 2.68025,-1.91046, -5.11105,-3.01836
MDrw_Arc -8.83346,-6.23571, 4.96367, 6.28319, -3.86979,-6.23571
MDrw_Arc 8.5423,-6.08423, 4.94394, 6.28319, 13.4862,-6.08423
MDrw_Arc 8.5423,-6.08423, 4.94394, 6.28319, 13.4862,-6.08423
MDrw_Arc -8.83346,-6.23571, 4.96367, 6.28319, -3.86979,-6.23571
MDrw_Poly, 2.68025,-1.91046, -5.11105,-3.01836
MDrw_Poly, -4.76365,-0.038461, -4.73845,-2.96526
MDrw_Poly, 4.60985,-1.63596, 6.46025,-1.61976
MDrw_Poly, 18.9469,-1.91226, 18.3556,-5.15316
MDrw_Poly, 18.3556,-5.15316, 17.695,-6.02256
MDrw_Poly, 12.1384,-0.857461, 13.9978,1.95774
MDrw_Poly, 14.3704,-2.55486, 16.0219,-0.055561
MDrw_Poly, 13.141,-1.61976, 14.941,1.10364
MDrw_Poly, 15.3829,-3.32526, 16.9399,-0.969061
MDrw_Poly, 18.1567,-5.43396, 17.038,-4.58346
MDrw_Poly, 15.3829,-3.32526, 14.3704,-2.55486
MDrw_Poly, 13.141,-1.61976, 12.1384,-0.857461
MDrw_Poly, 14.5603,-2.26776, 13.3309,-1.33266
MDrw_Poly, 17.1073,-4.20456, 15.5728,-3.03726
MDrw_Poly, 17.5816,-1.60716, 17.038,-4.58346
MDrw_Poly, 14.3983,-3.51516, 13.5757,-6.22236
MDrw_Poly, -5.85625,2.61384, -11.1158,2.56794
MDrw_Poly, -11.1158,2.56794, -11.096,0.327839
MDrw_Poly, -18.2222,0.265739, -4.84375,0.382739
MDrw_Poly, -5.85625,2.61384, -5.83735,0.373739
MDrw_Poly, -9.20695,4.14564, -14.6402,4.09794
MDrw_Poly, 17.6698,-6.00366, 5.53055,3.22854
MDrw_Arc 8.52832,-6.08423, 2.4883, 6.28319, 11.0166,-6.08423
MDrw_Arc -8.83346,-6.23571, 2.4883, 6.28319, -6.34516,-6.23571
MDrw_Poly, 10.0612,0.722939, 12.1141,3.83064
MDrw_Poly, 11.053,-0.032161, 13.0141,2.93604
MDrw_Poly, 11.053,-0.032161, 10.0612,0.722939
MDrw_Poly, 8.91815,1.59144, 7.94885,2.32854
MDrw_Poly, 6.93725,3.09804, 5.98235,3.82344
MDrw_Poly, 8.13875,2.61654, 7.12715,3.38514
MDrw_Poly, 10.2511,1.01004, 9.10805,1.87854
MDrw_Poly, 12.3283,-0.569461, 11.2429,0.254939
MDrw_Poly, 1.47965,-2.08146, 1.53005,-7.77396
MDrw_Poly, 1.53005,-7.77396, -2.20315,-7.80726
MDrw_Poly, -2.20315,-7.80726, -2.24815,-2.61156
MDrw_Poly, 1.51385,-5.94246, 2.53175,-5.93346
MDrw_Poly, 2.53175,-5.93346, 2.54255,-7.15476
MDrw_Poly, 2.54255,-7.15476, 1.52465,-7.16376
MDrw_Poly, 2.54255,-7.15476, 3.66125,-6.80826
MDrw_Poly, 2.53175,-5.93346, 3.60905,-6.16566
MDrw_Poly, 2.53175,-5.93346, 3.66485,-5.33766
MDrw_Poly, 5.70875,3.71364, 2.53895,-4.90656
MDrw_Poly, 4.86095,4.02054, 1.69025,-4.60506
MDrw_Poly, 5.70875,3.71364, 4.86095,4.02054
MDrw_Poly, 2.53895,-4.90656, 1.69025,-4.60506
MDrw_Arc 1.90426,-5.3278, 0.390962, 6.28319, 2.29522,-5.3278
MDrw_Poly, 2.46605,-4.88046, 2.29325,-5.36826
MDrw_Poly, 1.76315,-4.63116, 1.58225,-5.10636
MDrw_Poly, 5.70875,3.71364, 5.62685,4.24014
MDrw_Arc -0.460936,-6.50223, 0.29081, 6.28319, -0.170126,-6.50223
MDrw_Poly, -0.137647,-4.66716, -0.135847,-4.87056
MDrw_Poly, -0.135847,-4.87056, -0.645247,-4.87506
MDrw_Poly, -0.645247,-4.87506, -0.646147,-4.67166
MDrw_Poly, -0.646147,-4.67166, -0.137647,-4.66716
MDrw_Poly, -2.21575,-6.38166, -2.83765,-6.38706
MDrw_Poly, -2.83765,-6.38706, -2.84575,-5.43756
MDrw_Poly, -2.84575,-5.43756, -2.22385,-5.43126
MDrw_Poly, -3.58375,-5.07216, -3.57655,-5.91816
MDrw_Poly, -3.17335,-5.06856, -3.16525,-5.91456
MDrw_Poly, -3.17335,-5.06856, -4.05175,-5.07576
MDrw_Poly, -3.16525,-5.91456, -3.92305,-5.92176
MDrw_Poly, -3.15085,-5.08566, -2.22475,-5.26386
MDrw_Poly, -2.83765,-6.38706, -3.16525,-5.91456
MDrw_Poly, -4.80595,-0.049261, -14.3324,-1.61436
MDrw_Poly, -18.2222,0.265739, -18.1565,-7.26726
MDrw_Poly, -6.47455,2.13234, -7.94515,2.11974
MDrw_Poly, -7.94515,2.11974, -7.93255,0.626639
MDrw_Poly, -7.93255,0.626639, -6.46195,0.639239
MDrw_Poly, -6.46195,0.639239, -6.47455,2.13234
MDrw_Poly, -8.78035,0.619439, -8.79385,2.11254
MDrw_Poly, -8.79385,2.11254, -10.2635,2.09994
MDrw_Poly, -10.2635,2.09994, -10.2509,0.606839
MDrw_Poly, -10.2509,0.606839, -8.78035,0.619439
MDrw_Poly, -9.19435,2.72004, -9.20695,4.14564
MDrw_Poly, -14.6402,4.09794, -16.2188,-6.66966
MDrw_Poly, -9.20425,3.80634, -14.6897,3.75774
MDrw_Poly, -11.4632,3.44634, -11.4362,0.325139
MDrw_Poly, -11.4506,1.95324, -14.372,1.92804
MDrw_Poly, -11.4065,3.44724, -14.1533,3.42294
MDrw_Poly, -14.1533,3.42294, -14.6114,0.297239
MDrw_Poly, -18.1916,-3.33066, -15.7265,-3.30906
MDrw_Arc -16.1341,-7.11406, 0.452448, 6.28319, -15.6816,-7.11406
MDrw_Poly, -18.1565,-7.26726, -16.2017,-7.56156
MDrw_Poly, -18.1565,-7.26726, -17.783,-3.32706
MDrw_Poly, -13.6673,-7.15116, -16.0577,-7.55976
MDrw_Poly, -13.5539,-4.84806, -16.3853,-6.73806
MDrw_Poly, -14.3864,3.76044, -15.8759,-6.39786
MDrw_Poly, -16.9784,0.276539, -16.9469,-3.31986
MDrw_Poly, -11.1878,-2.18406, -13.0544,-2.20026
MDrw_Poly, -13.0544,-2.20026, -13.166,-2.40546
MDrw_Poly, -13.166,-2.40546, -13.4486,-2.40726
MDrw_Poly, -13.4486,-2.40726, -13.3901,-2.61066
MDrw_Poly, -13.3901,-2.61066, -13.7852,-2.75016
MDrw_Poly, -13.7852,-2.75016, -13.8428,-2.54676
MDrw_Poly, -13.8428,-2.54676, -13.8446,-2.41086
MDrw_Poly, -13.8446,-2.41086, -14.0147,-2.34426
MDrw_Poly, -14.0147,-2.34426, -14.3549,-2.21196
MDrw_Poly, -14.3549,-2.21196, -14.4107,-2.28036
MDrw_Poly, -14.4107,-2.28036, -14.5799,-2.41716
MDrw_Poly, -14.5799,-2.41716, -14.6348,-2.55396
MDrw_Poly, -14.6348,-2.55396, -14.7464,-2.69076
MDrw_Poly, -14.7464,-2.69076, -15.3386,-2.73306
MDrw_Poly, -15.5708,-4.31886, -15.4043,-5.07126
MDrw_Poly, -15.4043,-5.07126, -15.1217,-5.13696
MDrw_Poly, -15.1217,-5.13696, -15.1199,-5.34036
MDrw_Poly, -15.1199,-5.34036, -14.9489,-5.40696
MDrw_Poly, -14.9489,-5.40696, -14.8382,-5.20266
MDrw_Poly, -14.8382,-5.20266, -14.6681,-5.26836
MDrw_Poly, -14.6681,-5.26836, -14.7131,-5.62116
MDrw_Poly, 3.75935,5.51454, 6.40085,9.51324
MDrw_Poly, 5.98235,3.82344, 8.41685,7.50894
MDrw_Poly, 7.94885,2.32854, 10.1989,5.73594
MDrw_Poly, 4.77455,4.74234, 7.32155,8.59794
MDrw_Poly, 6.93725,3.09804, 9.28265,6.64764
MDrw_Poly, 8.91815,1.59144, 11.0782,4.86114
MDrw_Poly, 6.17225,4.11144, 4.96445,5.03034
MDrw_Arc 5.41234,4.20717, 0.217281, 6.28319, 5.62962,4.20717
MDrw_Poly, 4.60985,-1.63596, 3.69365,-1.76646
MDrw_Poly, 4.77455,4.74234, 3.75935,5.51454
MDrw_Poly, 2.25455,6.65844, 1.08365,7.54944
MDrw_Poly, 3.94925,5.80254, 2.33465,7.03014
MDrw_Poly, 4.86095,4.02054, 5.27045,4.37244
MDrw_Poly, 4.77995,3.79914, 0.909953,6.74214
MDrw_Poly, 18.9469,-1.91226, 3.85295,13.1006
MDrw_Poly, 3.91145,12.5633, 2.42825,14.0393
MDrw_Poly, 18.784,-2.80416, 3.54425,12.3545
MDrw_Poly, 3.91145,12.5633, 3.50195,16.3217
MDrw_Poly, 2.46785,13.9997, 2.17535,16.6835
MDrw_Poly, 0.909953,6.74214, 2.46785,13.9997
MDrw_Poly, 2.25455,6.65844, 3.59105,12.8828
MDrw_Poly, 3.50195,16.3217, -2.30755,22.0997
MDrw_Poly, 2.17535,16.6835, -3.03115,21.863
MDrw_Poly, -3.03115,21.863, -2.43805,22.4588
MDrw_Poly, -2.78635,21.6191, -2.30755,22.0997
MDrw_Arc -2.58805,22.2012, 0.29832, 1.39114, -2.30739,22.1001
MDrw_Arc -4.84161,0.165072, 0.2175, 2.98753, -4.80636,-0.0495525
MDrw_Arc -14.1382,-2.79451, 1.19625, 1.26241, -14.3321,-1.61407
MDrw_Arc -14.1382,-2.79451, 1.19625, 1.26241, -14.3321,-1.61407
MDrw_Arc -4.84161,0.165072, 0.2175, 2.98753, -4.80636,-0.0495525
MDrw_Arc -2.58805,22.2012, 0.29832, 1.39114, -2.30739,22.1001
MDrw_End
TextArea,-18.2222,22.9995,37.1691,3
XMin,-18.2222
XMax,18.9469
YMin,-11.1994
YMax,22.4995
Width,37.1691
Height,33.6989
InsertX,0
InsertY,0

